25 15
0 0 0 0 0 0 0 0 0 0 0 0 0 0 0 0 0 0 0 0 0 0 0 0 0
0 0 0 0 0 0 0 0 0 0 0 0 0 0 0 0 0 0 0 0 0 0 0 0 0
0 0 0 0 0 0 0 0 0 0 0 0 0 0 0 0 0 0 0 0 0 0 0 0 0
0 0 0 0 0 0 0 0 0 0 0 0 0 0 0 0 0 0 0 0 0 0 0 0 0
0 0 0 0 0 0 0 0 0 0 0 0 0 0 0 0 0 0 0 0 0 0 0 0 0
0 0 0 0 0 0 0 0 0 0 0 0 0 0 0 0 0 0 0 0 0 0 0 0 0
0 0 0 0 0 0 0 0 0 0 0 0 0 0 0 0 0 0 0 0 0 0 0 0 0
0 0 0 0 0 0 0 0 0 9 5 11 10 14 5 8 0 0 0 0 0 0 0 0 0
0 0 0 0 0 0 0 0 0 2 1 1 1 1 1 3 0 0 0 0 0 0 0 0 0
0 0 0 0 0 0 0 0 0 2 1 1 1 1 1 3 0 0 0 0 0 0 0 0 0
0 0 0 0 0 0 0 0 0 2 1 1 1 1 1 3 0 0 0 0 0 0 0 0 0
0 0 0 0 0 0 0 0 0 7 4 12 10 13 4 6 0 0 0 0 0 0 0 0 0
0 0 0 0 0 0 0 0 0 0 0 7 4 6 0 0 0 0 0 0 0 0 0 0 0
0 0 0 0 0 0 0 0 0 0 0 0 0 0 0 0 0 0 0 0 0 0 0 0 0
0 0 0 0 0 0 0 0 0 0 0 0 0 0 0 0 0 0 0 0 0 0 0 0 0