30 40
0 0 0 0 0 0 0 0 0 0 0 0 0 0 0 0 0 0 0 0 0 0 0 0 0 0 0 0 0 0
0 0 0 0 0 16 16 16 16 16 16 16 16 16 16 16 16 16 16 16 16 16 0 0 0 0 0 0 0 0
0 0 0 0 0 16 17 17 17 17 17 17 17 17 17 17 17 17 17 17 17 16 0 0 0 0 0 0 0 0
0 0 0 0 0 16 17 17 17 17 17 17 17 17 17 17 17 17 17 17 17 16 0 0 0 0 0 0 0 0
8 8 8 0 0 16 17 17 17 17 17 17 17 17 17 17 17 17 17 17 17 16 0 0 8 8 8 0 0 0
8 7 8 8 15 16 17 17 17 17 17 17 17 17 17 17 17 17 17 17 17 16 15 0 8 7 8 8 0 0
8 7 7 8 15 16 17 17 17 17 17 17 17 17 17 17 17 17 17 17 17 16 15 0 8 7 7 8 0 0
8 8 7 0 15 16 20 16 20 16 20 16 22 22 22 16 20 16 20 16 20 16 15 3 8 8 7 8 0 0
0 0 12 10 15 14 14 14 14 14 14 1 14 14 14 14 14 14 14 14 14 14 15 0 0 0 7 0 0 0
0 13 9 0 0 0 0 0 0 0 0 2 2 2 2 0 0 0 0 0 0 0 0 0 0 9 12 13 0 0
0 0 0 0 0 0 0 0 15 15 2 2 2 2 0 0 0 0 0 0 0 0 0 0 0 0 10 13 0 0
0 0 0 0 0 0 0 0 15 2 2 2 5 6 0 0 0 0 0 0 0 0 0 0 0 0 0 0 0 0
0 8 8 8 0 0 0 3 2 2 2 2 3 0 8 8 8 0 0 0 0 0 0 0 0 0 0 0 0 0
8 8 7 8 8 0 0 2 2 2 10 0 0 8 8 7 8 0 0 0 0 0 0 0 0 0 0 0 0 0
8 7 7 7 8 3 2 2 2 0 0 0 0 8 7 7 8 8 8 0 0 0 0 0 0 0 0 0 0 0
0 8 8 4 0 2 2 2 0 0 0 0 0 8 8 4 7 7 8 0 0 0 0 0 0 0 0 0 0 0
0 0 0 7 15 2 2 2 13 0 15 0 0 0 0 7 0 0 0 0 0 0 0 0 0 0 0 0 0 0
0 0 0 7 10 2 2 2 2 0 15 15 15 0 0 12 0 0 0 0 0 0 0 0 0 0 0 0 0 0
0 0 0 12 15 2 2 2 2 2 2 2 2 5 6 0 0 0 0 0 0 0 0 0 0 0 0 0 0 0
0 0 0 0 15 13 0 9 0 2 2 2 2 2 2 2 2 0 0 10 0 0 0 0 0 0 0 0 0 0
0 0 0 0 0 0 0 0 0 0 0 0 2 2 2 2 2 2 2 2 2 2 13 0 0 0 8 8 8 0
0 0 0 0 0 0 0 0 0 0 0 0 0 2 13 11 11 2 0 9 2 2 0 0 0 0 8 7 8 8
0 0 0 0 0 0 0 0 0 0 0 0 8 8 8 0 0 0 0 0 2 2 2 2 0 0 0 4 7 0
0 0 0 0 0 0 0 0 0 8 8 8 8 7 8 0 0 0 5 6 0 2 2 0 0 0 0 7 0 0
0 0 0 0 0 0 0 0 0 8 7 8 0 7 0 0 15 2 2 2 2 2 2 0 5 0 13 12 10 0
0 0 0 8 8 8 0 0 0 0 4 0 0 12 13 2 8 2 2 2 2 2 0 0 0 0 0 0 0 0
0 0 0 8 7 8 8 0 0 0 12 0 0 0 0 2 2 2 2 2 0 0 0 0 0 0 0 0 0 0
0 0 0 0 4 0 0 0 0 0 0 0 0 15 2 2 2 9 0 0 0 0 0 0 0 0 0 0 0 0
8 8 8 0 7 0 8 8 8 8 0 0 15 0 2 2 0 0 8 8 8 0 0 0 0 8 8 8 0 0
8 7 8 0 12 0 8 7 8 8 0 0 9 2 2 0 0 0 8 7 8 0 0 0 8 8 7 8 8 0
0 7 8 0 0 0 8 7 4 8 0 0 0 2 2 0 0 0 0 7 0 0 0 0 8 8 7 7 8 8
0 7 0 0 0 0 0 8 7 8 0 0 9 2 2 13 0 0 0 12 0 0 0 0 0 7 4 0 0 0
0 12 0 5 6 0 0 0 7 0 0 0 0 2 2 0 0 0 0 0 0 0 0 0 0 0 7 0 0 0
0 0 0 0 0 0 0 0 12 0 0 5 6 2 2 0 0 0 0 0 0 0 0 0 0 0 12 0 0 0
11 11 11 11 11 11 11 11 11 11 11 11 2 2 2 11 11 11 11 11 11 11 11 11 11 11 11 11 11 11
14 14 14 14 14 14 14 14 14 14 14 2 2 2 14 1 14 14 14 14 14 14 14 14 14 14 14 14 14 14
14 14 14 14 14 14 14 14 14 14 14 14 14 14 14 14 14 14 14 14 14 14 14 14 14 14 14 14 14 14
14 14 14 14 14 14 14 14 14 14 14 14 14 14 14 14 14 14 14 14 14 14 14 14 14 14 14 14 14 14
11 11 11 11 11 11 11 11 11 11 11 11 11 11 11 11 11 11 11 11 11 11 11 11 11 11 11 11 11 11
0 0 0 0 0 0 0 0 0 0 0 0 0 0 0 0 0 0 0 0 0 0 0 0 0 0 0 0 0 0